%YAML:1.0
R: !!opencv-matrix
   rows: 3
   cols: 3
   dt: d
   data: [ 9.9997155798485460e-01, 7.5418795667673531e-03,
       5.7218379656254385e-05, -7.5418792263825096e-03,
       9.9997155960545225e-01, -6.1623121209885656e-06,
       -5.7263227758830876e-05, 5.7306027435174797e-06,
       9.9999999834404152e-01 ]
T: !!opencv-matrix
   rows: 3
   cols: 1
   dt: d
   data: [ -5.0229380575499825e+00, 6.2328963398765591e-01,
       6.6488135486043258e-04 ]
R1: !!opencv-matrix
   rows: 3
   cols: 3
   dt: d
   data: [ 9.9328930084227729e-01, -1.1565621203765143e-01,
       -7.3819792565308582e-05, 1.1565621193031204e-01,
       9.9328930358130452e-01, -5.7356515597195089e-06,
       7.3987774080676641e-05, -2.8405562459569892e-06,
       9.9999999725887034e-01 ]
R2: !!opencv-matrix
   rows: 3
   cols: 3
   dt: d
   data: [ 9.9238878024675392e-01, -1.2314419021825583e-01,
       -1.3136152371359092e-04, 1.2314419040896124e-01,
       9.9238878889479654e-01, -6.6663531475006894e-06,
       1.3118262608556342e-04, -9.5607944198560972e-06,
       9.9999999134985496e-01 ]
P1: !!opencv-matrix
   rows: 3
   cols: 4
   dt: d
   data: [ -4.3625117639882285e+06, 0., 2.8341514724278568e+01, 0., 0.,
       -4.3625117639882285e+06, -2.3404648184246469e+01, 0., 0., 0., 1.,
       0. ]
P2: !!opencv-matrix
   rows: 3
   cols: 4
   dt: d
   data: [ -4.3625117639882285e+06, 0., 2.8341514724278568e+01,
       2.2080687329412859e+07, 0., -4.3625117639882285e+06,
       -2.3404648184246469e+01, 0., 0., 0., 1., 0. ]
Q: !!opencv-matrix
   rows: 4
   cols: 4
   dt: d
   data: [ 1., 0., 0., -2.8341514724278568e+01, 0., 1., 0.,
       2.3404648184246469e+01, 0., 0., 0., -4.3625117639882285e+06, 0.,
       0., 1.9757137533382349e-01, 0. ]
